0 173 548
0 200 451
0 243 354
0 90 400
0 300 485
0 20 360
0 30 615
0 390 550
1 420 420
0 50 520
0 243 200
0 320 290
0 60 230
1 140 260
0 430 265
0 75 150
0 370 216
0 300 100
0 35 80
0 140 55
0 400 20
1 250 -20
0 25 0
2 80 -50
0 330 -30
0 420 -75
0 60 -100
0 200 -130
0 380 -170
0 150 -200
0 173 -548
1 200 -451
0 243 -354
0 90 -400
0 300 -485
0 20 -360
0 30 -615
3 390 -550
0 420 -420
0 50 -520
0 243 -200
0 320 -290
0 60 -230
0 140 -260
1 75 -150
0 370 -216
0 300 -100
0 250 -20
0 25 0
0 80 -50
0 330 -30
0 420 -75
2 60 -100
0 200 -630
0 380 -670
0 300 -600
0 150 -700
1 173 -1048
0 200 -951
0 243 -854
0 90 -900
0 300 -985
0 20 -860
3 30 -615
0 390 -1050
0 420 -920
0 50 -1020
0 243 -700
0 320 -790
0 60 -730
0 140 -760
1 75 -650
0 370 -716
0 300 -600
0 380 -1170
2 150 -1200
0 173 -1548
0 200 -1451
0 243 -1354
0 90 -1400
0 300 -1485
0 20 -1360
0 30 -1115
0 390 -1550
0 420 -1420
0 50 -1520
1 243 -1200
0 320 -1290
0 60 -1230
0 140 -1260
0 75 -1150
0 370 -1216
0 300 -1200
